459542,415624,413692,413758,413754,413689,413752,416515,620790,415491,415761,415636,415632,415527,415758,484628,413525,581094,415391,620116,415623,415465,415419,409408,409140,409148,415629,405942,627237,409138,409149,409141,405938,406660,415483,405935,415637,409142,408949,415800,634688,415557,408923,413539,409379,415484,415487,415543,415628,415649,415536,415552,636030,415558,415627,415482,631394,415626,415650,435494,411834,411891,411892,411835,409155,401551,629448,489111,518934,586789,637307,637269,640775,637297,640776,637301,637282,637264,637283,637289,637284,637292,637262,637306,637289,637284,637292,637262,637306,637267,637313,637298,637302,637293,415551,5389150,457303,415575,415577,634683,415489,415485,415486,621104,415665,415488,415480,415633,415633,631397,415490,631444,621102,413526,411888,409158,637265,457303,415481,415657,409060,94100123,409071,415634,415469,415392,620791,620121,94031861,620117,415631,94031250,488774,415674,607564,489112,415555,415576,620118,416209,415481,416342,620120,488726,640682,409198,409192,409188,409190,409203,409199,409219,409193,409410,634684,413575,627455,413684,413786,413785,413588,413770,413586,413574,413649,413648,413704,413589,635865,414088,634689,415417,415396,640975,413609,413681,413747,409134,409147,415764,416551,415630,402822,415635,46060 #,400334,621103,94031861,530890-4,5328,641877,620119,621105,530890-131803,409144,415630,,621103,415623,2306374,416442,413716,930739 ,411993,94150014,652653,426606,651451,401578,402212,401573,426631,401580,401572,401582,401583,401577,402920,5387,402920,601516,652653,651441,646950,401581,
426606,654649,658205,651933,426589,401574,401575,426595,415714,415712,415711,666481,666479,670314,652654,402860,670315,667232,413492,426649,426599,426602,426653,426647,426651,426654,426646,426632,640279,666479,670833,666481,670314,457352,666480,484613,413729,413632,411992,426401,653065,653067,670923,484613,672760,672757,672762,672755,672789,672756,654652,654654,654653,654646,654650,654645,409409,666480,666479,667232,670314,413492,654644,651933,426644,608983,426589,647876,672754,672758,672761,672763,672759,672764,652651,674157,654171,654172,654173,426644,648874,648096,409380,667230,651145,10749














